# mapid npcid x z y heading
# Npc spawns by KID
# Fix by Lamo2k123

# Lonia
210010000 203080 423.15802 1748.3923 121.0 0
# Protector of Daminu
210010000 730009 592.0 1539.0 116.125 0
# Toleo
210010000 203066 814.7258 1217.3505 117.126656 0
# Ino
210010000 203086 166.23222 1141.4475 119.50571 0
# Gilden
210010000 203088 864.35706 1235.5753 120.0 0
# Aero
210010000 203083 425.42764 1739.6117 120.70129 0
# Sleeping Elder
210010000 730010 528.0191 1541.4235 112.27287 0
# Kunandes
210010000 203087 840.4939 1217.087 120.0 0
# Ben
210010000 203073 602.0 1091.0 100.35982 0
# Pranoa
210010000 203074 692.0093 1205.8406 108.62384 0
# Kagas
210010000 203090 828.656 1265.2003 119.162605 0
# Elpas
210010000 203049 1204.2906 1053.1835 138.96237 0
# Ager
210010000 203062 868.68896 1218.4867 120.0 0
# Asteros
210010000 203058 823.37933 1267.4412 119.18478 0
# Naeru
210010000 203084 422.0657 1744.0328 121.0 0
# Shroomer
210010000 203188 249.55 1635.79 100.64937 0
# Poa
210010000 203085 262.2606 1276.8573 109.0 0
# Baevrunerk
210010000 798008 839.7195 1257.1952 120.0 0
# Seril
210010000 203336 862.71423 1251.586 119.134254 0
# Utenion
210010000 203069 863.17993 1195.449 114.645874 0
# Sleeping Elder
210010000 730010 648.0752 1507.8206 119.85545 0
# Pernos
210010000 790001 241.09402 1639.461 100.375 0
# Mires
210010000 203057 1141.0 1032.0 128.875 0
# Feira
210010000 203072 588.26056 1094.7517 102.0 0
# Shroomin
210010000 203186 243.7079 1634.5559 100.375 0
# Muranes
210010000 203071 744.4367 1156.2408 104.4727 0
# Mune
210010000 203060 868.7704 1248.559 119.13373 0
# Brutus
210010000 203068 869.65936 1197.7462 114.71261 0
# Daines
210010000 203194 804.9242 1244.5981 120.0 0
# Forest Protector Noah
210010000 730007 558.42 1375.59 119.999374 0
# Melponeh
210010000 203079 421.3839 1754.1105 120.5 0
# Amus
210010000 203063 866.84735 1252.5845 119.1331 0
# Kales
210010000 203050 984.9941 1133.9397 110.0 0
# Daminu
210010000 730008 600.0 1542.0 116.375 0
# Polinia
210010000 203059 825.4364 1241.9847 120.0 0
# Sleeping Elder
210010000 730010 659.7924 1603.4248 124.8319 0
# Melampus
210010000 203065 785.59576 1187.5854 107.0 0
# Sleeping Elder
210010000 730010 709.77026 1549.9213 126.88976 0
# Shroomba
210010000 203187 242.99 1642.36 100.375 0
# Ampeis
210010000 203076 571.57184 1358.7362 119.70952 0
# Tula
210010000 203082 429.6185 1756.6517 121.0 0
# Kustanon
210010000 203070 803.91504 1242.1477 118.98627 0
# Minalinerk
210010000 798007 851.6706 1252.6691 118.83318 0
# Uno
210010000 203061 847.26337 1256.8829 120.0 0
# Sleeping Elder
210010000 730010 524.0951 1584.8158 112.4141 0
# Namus
210010000 203075 558.4866 1379.1592 120.5159 0
# Protector of Daminu
210010000 730009 608.5164 1543.891 116.46091 0
# Oz
210010000 203081 433.11313 1752.6931 120.5 0
# Fungus Boy Shroomy
210010000 203185 242.35413 1633.8169 100.386444 0
# Kalio
210010000 203067 820.9077 1241.0469 118.68173 0
# Fulla
210010000 203064 851.51044 1208.5535 117.815186 0
# Esera
210010000 203089 818.20496 1265.2709 119.162605 0
# Sleeping Elder
210010000 730010 558.8128 1597.4272 115.09842 0